51.9715 33.9763 1789290427
54.253 36.3395 1789290427
52.4463 37.0437 1789290427
55.8139 34.5178 1789290427
49.5326 36.346 1789290427
48.0249 36.9021 1789290427
47.6651 38.5244 1789290427
46.7283 38.4647 1789290427
46.8458 38.1109 1789290427
50.8404 30.0783 1789290427
46.7778 33.0304 1789290427
46.8998 34.5208 1789290427
43.4515 34.0718 1789290427
58.6051 35.9504 1789290427
58.5041 35.1742 1789290427
58.6701 36.017 1789290427
60.0989 36.7031 1789290427
57.9376 38.8387 1789290427
63.603 37.4852 1789290427
59.9105 42.7918 1080101414
59.0895 43.1966 1080101414
59.0563 43.857 1080101414
60.6409 45.1402 1080101414
60.7738 45.6223 1080101414
59.5914 45.8871 1080101414
58.0853 41.354 1080101414
56.4211 41.7498 1080101414
55.4779 41.424 1080101414
57.3829 42.798 1080101414
62.0551 40.9694 1080101414
61.8694 42.1799 1080101414
57.4748 45.8183 1080101414
57.1288 46.281 1080101414
57.5481 45.844 1080101414
57.3774 45.2455 1080101414
57.8081 44.6488 1080101414
55.017 47.344 1080101414
54.7975 47.6544 1080101414
56.3353 50.6958 1902011203
56.4919 50.4505 1902011203
55.7434 48.8927 1902011203
56.1886 49.5282 1902011203
55.9199 52.0973 1902011203
56.2834 52.1414 1902011203
57.2845 52.0012 1902011203
58.731 51.0614 1902011203
59.0715 50.1295 1902011203
58.3553 51.9689 1902011203
58.2282 52.3873 1902011203
59.7304 50.7553 1902011203
58.0717 48.7597 1902011203
58.1404 48.2594 1902011203
57.3869 47.8922 1902011203
58.7041 47.8866 1902011203
54.1236 49.2315 1902011203
53.6701 49.1143 1902011203
52.1866 49.4055 1902011203
53.0926 51.3081 1902011203
51.4907 52.1199 1902011203
52.0148 52.342 1902011203
54.5849 52.4108 1902011203
53.8104 52.566 1902011203
59.2058 55.9564 1902011203
59.0628 55.5256 1902011203
59.0895 54.6612 1902011203
59.1689 53.9781 1902011203
58.3969 55.1644 1902011203
58.3301 56.9929 1902011203
57.1188 56.8121 1902011203
44.8187 47.1451 1507227961
45.1163 48.9194 1507227961
44.4987 49.0107 1507227961
45.2248 49.782 1507227961
45.295 45.7008 1507227961
46.5727 47.7714 1507227961
42.5829 47.5545 1507227961
42.6963 47.4953 1507227961
41.8623 47.1447 1507227961
43.1912 47.2797 1507227961
42.1807 47.6156 1507227961
41.502 48.5187 1507227961
41.6377 47.9522 1507227961
44.8561 50.8419 1507227961
45.5825 50.7873 1507227961
45.6673 50.3587 1507227961
43.972 50.1572 1507227961
45.4298 53.5454 1507227961
44.7865 53.5698 1507227961
42.8233 52.901 1507227961
47.8759 47.8886 1507227961
48.6449 46.3954 1507227961
48.046 46.1336 1507227961
47.4602 46.3533 1507227961
49.3994 43.169 1507227961
48.94 43.255 1507227961
48.6702 43.2182 1507227961
50.2022 43.5919 1507227961
49.6963 42.5344 1507227961
49.7935 45.0485 1507227961
51.5543 42.3234 1507227961
52.4438 42.1996 1507227961
50.0966 40.8861 1507227961
48.5075 40.2053 1507227961
48.1678 40.6821 1507227961
47.1289 43.4292 1507227961
51.4884 44.4834 1507227961
51.589 44.3304 1507227961
53.8792 43.339 1507227961
53.3267 42.628 1507227961
54.5106 42.794 1507227961
55.0332 43.989 1507227961
55.748 44.3829 1507227961
55.4545 44.6798 1507227961
54.4056 41.7442 1507227961
53.5366 41.3716 1507227961
52.9828 41.8789 1507227961
53.3547 44.42 1507227961
51.7699 39.2661 1507227961
52.6842 39.166 1507227961
50.709 39.5663 1507227961
49.9441 39.2879 1507227961
50.3005 39.4574 1507227961
50.6127 40.2139 1507227961
50.8575 38.7097 1507227961
51.019 37.555 1507227961
51.2132 41.0484 1507227961
38.1206 49.1285 1507227961
38.3246 49.3111 1507227961
38.7549 47.59 1507227961
39.6875 48.3347 1507227961
39.1361 50.6193 1507227961
36.4576 48.2309 1507227961
37.2977 51.4869 1507227961
40.1643 46.0481 1507227961
40.0623 43.8778 1507227961
41.7391 49.8953 1507227961
42.3614 49.5973 1507227961
42.2106 49.818 1507227961
42.5856 50.5047 1507227961
42.4512 51.6081 1507227961
34.2717 49.7139 1507227961
32.7681 46.8909 1507227961
35.1061 46.4215 1507227961
36.4039 45.5225 1507227961
42.5946 41.4134 1507227961
44.8972 40.8669 1507227961
45.9207 40.2263 1507227961
43.7092 43.4757 1507227961
44.1498 44.6027 1507227961
45.411 43.948 1507227961
45.231 43.724 1507227961
42.0534 39.2336 1507227961
42.9544 39.3908 1507227961
43.3648 38.6494 1507227961
50.51 60.9361 812515756
49.703 59.4763 812515756
49.7665 58.8008 812515756
52.8938 60.8574 812515756
52.3897 61.4147 812515756
53.4216 61.668 812515756
53.008 60.1016 812515756
52.4283 61.4356 812515756
48.0508 61.9206 812515756
48.0664 62.2995 812515756
47.94 61.4656 812515756
49.6472 58.1142 812515756
50.128 57.3587 812515756
47.8033 59.1802 812515756
47.5915 59.0293 812515756
48.1129 59.9087 812515756
47.4485 60.1677 812515756
47.3294 60.6572 812515756
48.2376 60.6191 812515756
53.5203 58.1849 812515756
53.1321 58.2669 812515756
54.0276 56.591 812515756
53.5059 55.9741 812515756
55.4436 58.2523 812515756
56.1874 58.7768 812515756
52.578 56.8377 812515756
54.7044 55.4819 812515756
55.1566 56.1179 812515756
54.3062 53.7471 812515756
53.8624 54.3977 812515756
54.0639 53.3816 812515756
54.0132 54.1661 812515756
56.0115 55.5586 812515756
55.5416 57.1473 812515756
51.8006 55.1329 812515756
51.4684 55.857 812515756
52.7554 54.1917 812515756
52.0482 66.4005 812515756
52.5688 64.6176 812515756
49.4935 70.4776 812515756
47.5994 54.7991 812515756
47.6805 55.047 812515756
47.0167 54.0036 812515756
49.1473 55.9639 812515756
49.8312 56.5647 812515756
46.4842 54.9628 812515756
47.7771 53.3044 812515756
49.5957 54.8874 812515756
45.1596 55.5642 812515756
45.6912 55.19 812515756
46.4921 57.2508 812515756
45.7961 58.0604 812515756
49.8978 50.6192 812515756
49.4005 50.7056 812515756
49.3517 48.703 812515756
48.7179 49.0218 812515756
49.8734 48.6189 812515756
50.9336 50.5542 812515756
51.1704 50.9523 812515756
48.1712 50.0579 812515756
49.8738 52.7005 812515756
50.1724 51.868 812515756
50.6491 54.4684 812515756
50.4912 54.3668 812515756
50.2728 54.5363 812515756
49.1338 53.4794 812515756
47.8187 51.4541 812515756
47.4525 50.8348 812515756
52.0563 47.2718 812515756
51.5463 47.3013 812515756
51.237 47.1778 812515756
52.9635 45.6169 812515756
52.4811 45.9811 812515756
53.6714 45.4069 812515756
52.1204 45.7919 812515756
50.7613 45.7944 812515756
50.27 45.4734 812515756
50.5572 45.7496 812515756
49.7229 46.7425 812515756
49.3464 46.0078 812515756
40.9979 28.8093 363740087
42.4438 28.232 363740087
38.924 56.6515 272610182
38.0468 56.1872 272610182
40.4772 55.6219 272610182
36.6231 56.1204 272610182
41.2046 57.7899 272610182
39.5741 58.8021 272610182
42.4023 55.3434 272610182
42.4713 57.3382 272610182
42.3875 57.4585 272610182
43.6077 54.0387 272610182
37.4894 53.4874 272610182
41.9772 60.2332 272610182
42.8781 59.6549 272610182
42.508 61.428 272610182
39.0673 62.1683 272610182
53.709 72.1168 2097006862
39.9004 66.8088 146634356
44.6618 68.9028 146634356
44.8109 68.7963 146634356
43.771 66.85 146634356
46.6141 68.1239 146634356
46.9052 66.8324 146634356
35.689 40.9668 2012419940
32.8043 40.0591 2012419940
31.445 37.8301 2012419940
38.5025 39.8032 2012419940
35.5882 35.4972 2012419940
32.5758 35.0779 2012419940
57.7072 63.308 232429413
56.6997 61.7722 232429413
59.3883 62.8544 232429413
59.4667 63.0082 232429413
63.2959 62.0908 232429413
63.0021 60.1973 232429413
62.8409 59.4966 232429413
60.7129 59.4863 232429413
59.1355 69.4711 916986006
61.3286 66.989 916986006
60.6669 68.1232 916986006
59.546 65.9765 916986006
30.2096 55.8367 345583204
30.4116 50.8904 345583204
30.1877 60.0209 345583204
72.2167 79.5746 1242285783
25.2685 60.0081 958041718
65.3831 48.6087 2061952959
65.7624 48.5723 2061952959
66.8489 50.0349 2061952959
66.3536 49.4876 2061952959
67.4379 47.9911 2061952959
64.6257 52.5357 2061952959
62.3375 46.5804 2061952959
62.9798 47.3742 2061952959
61.4058 51.0936 2061952959
62.5175 50.6448 2061952959
64.9474 55.599 413390720
65.5691 57.9094 413390720
64.2127 59.0981 413390720
62.9918 57.075 413390720
69.1669 56.8341 413390720
74.7117 53.1706 2046339621
74.9269 54.926 2046339621
75.5176 37.9578 243638070
33.4932 67.1258 0
